      -59.0000000000      -60.0000000000      -60.0000000000       -0.0342046780       -0.0000000001        0.0184344633       -0.0000000001
      -59.0000000000      -60.0000000000      -59.0000000000       -0.0262889898       -0.0000026939        0.0163654579        0.0000030175
      -59.0000000000      -60.0000000000      -58.0000000000       -0.0228019931        0.0000023530        0.0155717066       -0.0000010379
      -59.0000000000      -60.0000000000      -57.0000000000       -0.0206528709       -0.0000086513        0.0151549669        0.0000052708
      -59.0000000000      -60.0000000000      -56.0000000000       -0.0191874362       -0.0000023325        0.0149037182        0.0000091212
      -59.0000000000      -60.0000000000      -55.0000000000       -0.0180903922        0.0000028588        0.0147561264       -0.0000010530
      -59.0000000000      -60.0000000000      -54.0000000000       -0.0172694524       -0.0000037573        0.0146479775       -0.0000021533
      -59.0000000000      -60.0000000000      -53.0000000000       -0.0166395252       -0.0000026505        0.0145752559       -0.0000017947
      -59.0000000000      -60.0000000000      -52.0000000000       -0.0161498480       -0.0000069353        0.0145391196        0.0000000652
      -59.0000000000      -60.0000000000      -51.0000000000       -0.0157669357        0.0000054195        0.0144960852       -0.0000032767
      -59.0000000000      -60.0000000000      -50.0000000000       -0.0154672994        0.0000016898        0.0144872340        0.0000049706
      -59.0000000000      -60.0000000000      -49.0000000000       -0.0151892349        0.0000017837        0.0144708432        0.0000143400
      -59.0000000000      -60.0000000000      -48.0000000000       -0.0149597203       -0.0000103637        0.0144547457        0.0000101652
      -59.0000000000      -60.0000000000      -47.0000000000       -0.0147853184        0.0000001392        0.0144499325        0.0000040651
      -59.0000000000      -60.0000000000      -46.0000000000       -0.0146335264       -0.0000185064        0.0144412646        0.0000092801
      -59.0000000000      -60.0000000000      -45.0000000000       -0.0144910304       -0.0000103161        0.0144292691        0.0000051706
      -59.0000000000      -60.0000000000      -44.0000000000       -0.0143651872       -0.0000109261        0.0144331983        0.0000109543
      -59.0000000000      -60.0000000000      -43.0000000000       -0.0142693080       -0.0000048277        0.0144176164        0.0000013469
      -59.0000000000      -60.0000000000      -42.0000000000       -0.0142022395        0.0000034121        0.0144242077       -0.0000001601
      -59.0000000000      -60.0000000000      -41.0000000000       -0.0141345413       -0.0000080340        0.0144258332        0.0000012357
      -59.0000000000      -60.0000000000      -40.0000000000       -0.0140868906       -0.0000056871        0.0144201166       -0.0000008590
      -59.0000000000      -60.0000000000      -39.0000000000       -0.0140251917       -0.0000050673        0.0144167895       -0.0000006947
      -59.0000000000      -60.0000000000      -38.0000000000       -0.0139507066       -0.0000124477        0.0144053288        0.0000054435
      -59.0000000000      -60.0000000000      -37.0000000000       -0.0139043507       -0.0000169744        0.0143951354        0.0000094481
      -59.0000000000      -60.0000000000      -36.0000000000       -0.0138723273       -0.0000160426        0.0143935763        0.0000051230
      -59.0000000000      -60.0000000000      -35.0000000000       -0.0138276872       -0.0000032491        0.0143992420        0.0000024347
      -59.0000000000      -60.0000000000      -34.0000000000       -0.0138073868       -0.0000132862        0.0144029646        0.0000048390
      -59.0000000000      -60.0000000000      -33.0000000000       -0.0137714561       -0.0000172237        0.0144004255        0.0000147789
      -59.0000000000      -60.0000000000      -32.0000000000       -0.0137659288       -0.0000090993        0.0144036479        0.0000091480
      -59.0000000000      -60.0000000000      -31.0000000000       -0.0137277952       -0.0000047634        0.0143953142        0.0000103495
      -59.0000000000      -60.0000000000      -30.0000000000       -0.0136994655       -0.0000102431        0.0143989346        0.0000064124
      -59.0000000000      -60.0000000000      -29.0000000000       -0.0136789793       -0.0000182642        0.0143912237        0.0000042494
      -59.0000000000      -60.0000000000      -28.0000000000       -0.0136753985        0.0000001082        0.0143927141        0.0000010105
      -59.0000000000      -60.0000000000      -27.0000000000       -0.0136379625        0.0000080378        0.0143897562       -0.0000052173
      -59.0000000000      -60.0000000000      -26.0000000000       -0.0136374885        0.0000105241        0.0143916329        0.0000009570
      -59.0000000000      -60.0000000000      -25.0000000000       -0.0136224608       -0.0000073940        0.0143923138        0.0000077915
      -59.0000000000      -60.0000000000      -24.0000000000       -0.0136059143       -0.0000062749        0.0143926055        0.0000105236
      -59.0000000000      -60.0000000000      -23.0000000000       -0.0135992307       -0.0000076592        0.0143900384        0.0000059128
      -59.0000000000      -60.0000000000      -22.0000000000       -0.0135866291       -0.0000069649        0.0143814026        0.0000118279
      -59.0000000000      -60.0000000000      -21.0000000000       -0.0135932649       -0.0000027158        0.0143940028       -0.0000023385
      -59.0000000000      -60.0000000000      -20.0000000000       -0.0135809311       -0.0000070869        0.0143889439       -0.0000035337
      -59.0000000000      -60.0000000000      -19.0000000000       -0.0135708502        0.0000053743        0.0143855402       -0.0000020891
      -59.0000000000      -60.0000000000      -18.0000000000       -0.0135518974       -0.0000114150        0.0143752468        0.0000043733
      -59.0000000000      -60.0000000000      -17.0000000000       -0.0135565163        0.0000000303        0.0143864300        0.0000079020
      -59.0000000000      -60.0000000000      -16.0000000000       -0.0135420858       -0.0000147141        0.0143744798        0.0000068700
      -59.0000000000      -60.0000000000      -15.0000000000       -0.0135444899       -0.0000102594        0.0143801133        0.0000035819
      -59.0000000000      -60.0000000000      -14.0000000000       -0.0135269243       -0.0000054861        0.0143707690        0.0000097826
      -59.0000000000      -60.0000000000      -13.0000000000       -0.0135300098       -0.0000095818        0.0143706673        0.0000038230
      -59.0000000000      -60.0000000000      -12.0000000000       -0.0135199118       -0.0000059354        0.0143534817       -0.0000005525
      -59.0000000000      -60.0000000000      -11.0000000000       -0.0135020210       -0.0000018376        0.0143615715        0.0000048552
      -59.0000000000      -60.0000000000      -10.0000000000       -0.0135232936       -0.0000078274        0.0143646113        0.0000058567
      -59.0000000000      -60.0000000000       -9.0000000000       -0.0135085792       -0.0000039377        0.0143431924       -0.0000011486
      -59.0000000000      -60.0000000000       -8.0000000000       -0.0135066476       -0.0000017174        0.0143439469       -0.0000016383
      -59.0000000000      -60.0000000000       -7.0000000000       -0.0135017359       -0.0000111464        0.0143444496        0.0000040657
      -59.0000000000      -60.0000000000       -6.0000000000       -0.0135058929       -0.0000047822        0.0143464158        0.0000008277
      -59.0000000000      -60.0000000000       -5.0000000000       -0.0134998049        0.0000043582        0.0143531119        0.0000008079
      -59.0000000000      -60.0000000000       -4.0000000000       -0.0135026492       -0.0000044639        0.0143484453       -0.0000065071
      -59.0000000000      -60.0000000000       -3.0000000000       -0.0135091909       -0.0000088664        0.0143523466        0.0000025732
      -59.0000000000      -60.0000000000       -2.0000000000       -0.0134888905       -0.0000049503        0.0143639988        0.0000010678
      -59.0000000000      -60.0000000000       -1.0000000000       -0.0134794229       -0.0000022760        0.0143814016        0.0000023949
      -59.0000000000      -60.0000000000        0.0000000000       -0.0135006563       -0.0000015269        0.0144167670        0.0000026864
      -59.0000000000      -60.0000000000        1.0000000000       -0.0135091047       -0.0000025812        0.0144262319        0.0000040787
      -59.0000000000      -60.0000000000        2.0000000000       -0.0135014104       -0.0000019107        0.0144322504       -0.0000019820
      -59.0000000000      -60.0000000000        3.0000000000       -0.0135072353       -0.0000021045        0.0144414557        0.0000012548
      -59.0000000000      -60.0000000000        4.0000000000       -0.0134877509       -0.0000140825        0.0144486132        0.0000079543
      -59.0000000000      -60.0000000000        5.0000000000       -0.0134683778       -0.0000059178        0.0144416462        0.0000083756
      -59.0000000000      -60.0000000000        6.0000000000       -0.0134523317       -0.0000071137        0.0144331014        0.0000076942
      -59.0000000000      -60.0000000000        7.0000000000       -0.0134519402        0.0000026432        0.0144452559       -0.0000033063
      -59.0000000000      -60.0000000000        8.0000000000       -0.0134673594       -0.0000042137        0.0144567312        0.0000035555
      -59.0000000000      -60.0000000000        9.0000000000       -0.0134643547       -0.0000028500        0.0144504288       -0.0000051056
      -59.0000000000      -60.0000000000       10.0000000000       -0.0134503240       -0.0000067189        0.0144409487       -0.0000038305
      -59.0000000000      -60.0000000000       11.0000000000       -0.0134460139       -0.0000021042        0.0144409963       -0.0000068580
      -59.0000000000      -60.0000000000       12.0000000000       -0.0134527683       -0.0000033262        0.0144373606       -0.0000055381
      -59.0000000000      -60.0000000000       13.0000000000       -0.0134441400       -0.0000041221        0.0144442139       -0.0000007381
      -59.0000000000      -60.0000000000       14.0000000000       -0.0134403631       -0.0000059616        0.0144415624        0.0000072298
      -59.0000000000      -60.0000000000       15.0000000000       -0.0134310946       -0.0000007618        0.0144393535       -0.0000036012
      -59.0000000000      -60.0000000000       16.0000000000       -0.0134375773       -0.0000033868        0.0144315557        0.0000030889
      -59.0000000000      -60.0000000000       17.0000000000       -0.0134330168       -0.0000049908        0.0144438122        0.0000008555
      -59.0000000000      -60.0000000000       18.0000000000       -0.0134334452       -0.0000086220        0.0144412089        0.0000125067
      -59.0000000000      -60.0000000000       19.0000000000       -0.0134354199       -0.0000189809        0.0144439311        0.0000038657
      -59.0000000000      -60.0000000000       20.0000000000       -0.0134242632       -0.0000158712        0.0144359701        0.0000117350
      -59.0000000000      -60.0000000000       21.0000000000       -0.0134331201       -0.0000032692        0.0144385284        0.0000043936
      -59.0000000000      -60.0000000000       22.0000000000       -0.0134239525        0.0000097784        0.0144348591        0.0000015517
      -59.0000000000      -60.0000000000       23.0000000000       -0.0134174594        0.0000025020        0.0144335783       -0.0000060462
      -59.0000000000      -60.0000000000       24.0000000000       -0.0134203464       -0.0000041649        0.0144334380        0.0000009771
      -59.0000000000      -60.0000000000       25.0000000000       -0.0134183880        0.0000091870        0.0144321928        0.0000063619
      -59.0000000000      -60.0000000000       26.0000000000       -0.0134118776        0.0000079549        0.0144275063       -0.0000047398
      -59.0000000000      -60.0000000000       27.0000000000       -0.0134234400       -0.0000071503        0.0144412636       -0.0000017622
      -59.0000000000      -60.0000000000       28.0000000000       -0.0134182423       -0.0000059122        0.0144400625        0.0000017810
      -59.0000000000      -60.0000000000       29.0000000000       -0.0134172726        0.0000013791        0.0144337409        0.0000043136
      -59.0000000000      -60.0000000000       30.0000000000       -0.0134180342       -0.0000081441        0.0144356956        0.0000029431
      -59.0000000000      -60.0000000000       31.0000000000       -0.0134160191       -0.0000038960        0.0144381039        0.0000011963
      -59.0000000000      -60.0000000000       32.0000000000       -0.0134043083       -0.0000003362        0.0144198107       -0.0000027656
      -59.0000000000      -60.0000000000       33.0000000000       -0.0133834626       -0.0000066479        0.0144252195        0.0000059079
      -59.0000000000      -60.0000000000       34.0000000000       -0.0134141205       -0.0000076867        0.0144307722        0.0000020068
      -59.0000000000      -60.0000000000       35.0000000000       -0.0134059571        0.0000027389        0.0144293837       -0.0000053785
      -59.0000000000      -60.0000000000       36.0000000000       -0.0134082004       -0.0000043722        0.0144335093        0.0000013972
      -59.0000000000      -60.0000000000       37.0000000000       -0.0133982135       -0.0000099157        0.0144358526        0.0000079950
      -59.0000000000      -60.0000000000       38.0000000000       -0.0134165103       -0.0000049889        0.0144307499        0.0000106391
      -59.0000000000      -60.0000000000       39.0000000000       -0.0133927916       -0.0000002313        0.0144397685        0.0000057530
      -59.0000000000      -60.0000000000       40.0000000000       -0.0134279845       -0.0000131481        0.0144383572        0.0000138467
      -59.0000000000      -60.0000000000       41.0000000000       -0.0133988804       -0.0000070514        0.0144362571        0.0000025330
      -59.0000000000      -60.0000000000       42.0000000000       -0.0134045590       -0.0000189650        0.0144280267        0.0000015922
      -59.0000000000      -60.0000000000       43.0000000000       -0.0133726021       -0.0000043592        0.0144265102       -0.0000069454
      -59.0000000000      -60.0000000000       44.0000000000       -0.0133938808       -0.0000073160        0.0144278212        0.0000060638
      -59.0000000000      -60.0000000000       45.0000000000       -0.0133943312        0.0000000136        0.0144285314       -0.0000003927
      -59.0000000000      -60.0000000000       46.0000000000       -0.0133751303       -0.0000060308        0.0144236462       -0.0000040008
      -59.0000000000      -60.0000000000       47.0000000000       -0.0133728932       -0.0000001309        0.0144284801       -0.0000077386
      -59.0000000000      -60.0000000000       48.0000000000       -0.0133704500       -0.0000120363        0.0144241877       -0.0000018932
      -59.0000000000      -60.0000000000       49.0000000000       -0.0133713393        0.0000022780        0.0144382464       -0.0000030770
      -59.0000000000      -60.0000000000       50.0000000000       -0.0133711890       -0.0000055520        0.0144463436        0.0000058278
      -59.0000000000      -60.0000000000       51.0000000000       -0.0133868345       -0.0000016520        0.0144362722        0.0000025957
      -59.0000000000      -60.0000000000       52.0000000000       -0.0133711892       -0.0000072909        0.0144296042        0.0000099348
      -59.0000000000      -60.0000000000       53.0000000000       -0.0133397758       -0.0000106309        0.0144337573        0.0000072463
      -59.0000000000      -60.0000000000       54.0000000000       -0.0133458463       -0.0000089315        0.0144423348        0.0000092369
      -59.0000000000      -60.0000000000       55.0000000000       -0.0133407258       -0.0000051257        0.0144275162        0.0000040258
      -59.0000000000      -60.0000000000       56.0000000000       -0.0133327528       -0.0000087934        0.0144278852       -0.0000011653
      -59.0000000000      -60.0000000000       57.0000000000       -0.0133002387        0.0000015814        0.0144172454        0.0000041849
      -59.0000000000      -60.0000000000       58.0000000000       -0.0132899383        0.0000005040        0.0144205511        0.0000003166
      -59.0000000000      -60.0000000000       59.0000000000       -0.0132713346        0.0000022831        0.0143975495       -0.0000010102
